vesselCount = 10
UT = 540138.18138262385
gameMode = CAREER
gameNull = False
gameCompatible = True
funds = 1941817.3968695679
science = 91
reputationPercent = 57
ongoingContracts = 10
missionCurrentScore = 0
missionIsStarted = False
missionIsEnded = False
missionHistoryId = 00000000-0000-0000-0000-000000000000
missionExpansionVersion = 
saveMD5 = 28e4b5af059f7e16211af229ca330c08
