vesselCount = 8
UT = 626113.3604498849
gameMode = CAREER
gameNull = False
gameCompatible = True
funds = 530455.12962494476
science = 143
reputationPercent = 60
ongoingContracts = 9
missionCurrentScore = 0
missionIsStarted = False
missionIsEnded = False
missionHistoryId = 00000000-0000-0000-0000-000000000000
missionExpansionVersion = 
saveMD5 = 49b397a8b3b321f714e0795093aa90dc
