vesselCount = 12
UT = 668393.25378179236
gameMode = CAREER
gameNull = False
gameCompatible = True
funds = 27735.791734319762
science = 6
reputationPercent = 60
ongoingContracts = 8
missionCurrentScore = 0
missionIsStarted = False
missionIsEnded = False
missionHistoryId = 00000000-0000-0000-0000-000000000000
missionExpansionVersion = 
saveMD5 = 0dd1b7a6ea1eab433f94c2fb6b7ab09d
