vesselCount = 8
UT = 591469.44560292119
gameMode = CAREER
gameNull = False
gameCompatible = True
funds = 246895.12962494476
science = 33
reputationPercent = 58
ongoingContracts = 9
missionCurrentScore = 0
missionIsStarted = False
missionIsEnded = False
missionHistoryId = 00000000-0000-0000-0000-000000000000
missionExpansionVersion = 
saveMD5 = 051957ff41091645b4c977ee2f507cdf
