vesselCount = 8
UT = 617435.18435473891
gameMode = CAREER
gameNull = False
gameCompatible = True
funds = 246695.12962494476
science = 49
reputationPercent = 58
ongoingContracts = 9
missionCurrentScore = 0
missionIsStarted = False
missionIsEnded = False
missionHistoryId = 00000000-0000-0000-0000-000000000000
missionExpansionVersion = 
saveMD5 = 664fc7d1c1f14f29dd14fae4ed0bb701
