vesselCount = 9
UT = 547895.44437213975
gameMode = CAREER
gameNull = False
gameCompatible = True
funds = 1943072.7305947819
science = 99
reputationPercent = 58
ongoingContracts = 9
missionCurrentScore = 0
missionIsStarted = False
missionIsEnded = False
missionHistoryId = 00000000-0000-0000-0000-000000000000
missionExpansionVersion = 
saveMD5 = 111ae075a70a7b8e72b9d938f471dad1
