vesselCount = 8
UT = 663076.24854383897
gameMode = CAREER
gameNull = False
gameCompatible = True
funds = 530455.12962494476
science = 540
reputationPercent = 60
ongoingContracts = 9
missionCurrentScore = 0
missionIsStarted = False
missionIsEnded = False
missionHistoryId = 00000000-0000-0000-0000-000000000000
missionExpansionVersion = 
saveMD5 = 855bf9943deaed5e7aed0d978aed8613
