vesselCount = 7
UT = 590935.10560242354
gameMode = CAREER
gameNull = False
gameCompatible = True
funds = 358102.25462494476
science = 33
reputationPercent = 58
ongoingContracts = 9
missionCurrentScore = 0
missionIsStarted = False
missionIsEnded = False
missionHistoryId = 00000000-0000-0000-0000-000000000000
missionExpansionVersion = 
saveMD5 = 1fdb49dfdf2f82fd84339e5e5ac8518d
